0.0779191      0.563222       
0.278041       0.745171       
0.478164       0.90621        
0.678286       1.06024        
0.878408       1.21081        
1.07853        1.35945        
1.27865        1.50707        
1.47877        1.65428        
1.6789         1.80146        
1.87902        1.94885        
2.07914        2.09664        
2.27926        2.245          
2.47939        2.39405        
2.67951        2.54392        
2.87963        2.69468        
3.07975        2.84645        
3.27987        2.99931        
3.48           3.15332        
3.68012        3.30859        
3.88024        3.46518        
4.08036        3.62317        
4.28049        3.78265        
4.48061        3.94368        
4.68073        4.10635        
4.88085        4.27073        
5.08097        4.4369         
5.2811         4.60493        
5.48122        4.77488        
5.68134        4.94682        
5.88146        5.1208         
6.08159        5.29683        
6.28171        5.47495        
6.48183        5.65513        
6.68195        5.83733        
6.88207        6.02148        
7.0822         6.20746        
7.28232        6.3951         
7.48244        6.58421        
7.68256        6.77451        
7.88269        6.96572        
8.08281        7.15752        
8.28293        7.34955        
8.48305        7.54147        
8.68317        7.73293        
8.8833         7.92362        
9.08342        8.11324        
9.28354        8.30155        
9.48366        8.48837        
9.68378        8.67353        
9.88391        8.85693        
10.084         9.03851        
10.2842        9.21823        
10.4843        9.39609        
10.6844        9.5721         
10.8845        9.7463         
11.0846        9.91872        
11.2848        10.0894        
11.4849        10.2585        
11.685         10.4259        
11.8851        10.5917        
12.0853        10.7561        
12.2854        10.9189        
12.4855        11.0804        
12.6856        11.2405        
12.8857        11.3993        
13.0859        11.5568        
13.286         11.713         
13.4861        11.868         
13.6862        12.0219        
13.8864        12.1746        
14.0865        12.3261        
14.2866        12.4766        
14.4867        12.626         
14.6868        12.7744        
14.887         12.9217        
15.0871        13.068         
15.2872        13.2133        
15.4873        13.3577        
15.6875        13.5011        
15.8876        13.6436        
16.0877        13.7852        
16.2878        13.9258        
16.4879        14.0656        
16.6881        14.2046        
16.8882        14.3426        
17.0883        14.4799        
17.2884        14.6163        
17.4886        14.7518        
17.6887        14.8866        
17.8888        15.0206        
18.0889        15.1538        
18.289         15.2863        
18.4892        15.418         
18.6893        15.5489        
18.8894        15.6791        
19.0895        15.8086        
19.2897        15.9374        
19.4898        16.0655        
19.6899        16.1929        
19.89          16.3196        
20.0901        16.4456        
20.2903        16.5709        
20.4904        16.6956        
20.6905        16.8197        
20.8906        16.9431        
21.0908        17.0659        
21.2909        17.188         
21.491         17.3096        
21.6911        17.4305        
21.8912        17.5508        
22.0914        17.6706        
22.2915        17.7897        
22.4916        17.9083        
22.6917        18.0263        
22.8919        18.1438        
23.092         18.2606        
23.2921        18.377         
23.4922        18.4928        
23.6923        18.608         
23.8925        18.7227        
24.0926        18.8369        
24.2927        18.9506        
24.4928        19.0637        
24.693         19.1764        
24.8931        19.2885        
25.0932        19.4002        
25.2933        19.5114        
25.4934        19.622         
25.6936        19.7322        
25.8937        19.842         
26.0938        19.9512        
26.2939        20.06          
26.494         20.1683        
26.6942        20.2762        
26.8943        20.3836        
27.0944        20.4906        
27.2945        20.5972        
27.4947        20.7033        
27.6948        20.8089        
27.8949        20.9142        
28.095         21.019         
28.2951        21.1234        
28.4953        21.2274        
28.6954        21.331         
28.8955        21.4342        
29.0956        21.537         
29.2958        21.6393        
29.4959        21.7413        
29.696         21.8429        
29.8961        21.9442        
30.0962        22.045         
30.2964        22.1454        
30.4965        22.2455        
30.6966        22.3452        
30.8967        22.4446        
31.0969        22.5436        
31.297         22.6422        
31.4971        22.7405        
31.6972        22.8384        
31.8973        22.9359        
32.0975        23.0331        
32.2976        23.13          
32.4977        23.2265        
32.6978        23.3227        
32.898         23.4186        
33.0981        23.5141        
33.2982        23.6093        
33.4983        23.7042        
33.6984        23.7987        
33.8986        23.893         
34.0987        23.9869        
34.2988        24.0805        
34.4989        24.1738        
34.6991        24.2668        
34.8992        24.3594        
35.0993        24.4518        
35.2994        24.5439        
35.4995        24.6357        
35.6997        24.7271        
35.8998        24.8183        
36.0999        24.9092        
36.3           24.9998        
36.5002        25.0901        
36.7003        25.1802        
36.9004        25.2699        
37.1005        25.3594        
37.3006        25.4486        
37.5008        25.5375        
37.7009        25.6262        
37.901         25.7146        
38.1011        25.8027        
38.3013        25.8906        
38.5014        25.9782        
38.7015        26.0655        
38.9016        26.1526        
39.1017        26.2394        
39.3019        26.3259        
39.502         26.4122        
39.7021        26.4983        
39.9022        26.5841        
40.1024        26.6696        
40.3025        26.755         
40.5026        26.84          
40.7027        26.9249        
40.9028        27.0094        
41.103         27.0938        
41.3031        27.1779        
41.5032        27.2618        
41.7033        27.3454        
41.9035        27.4289        
42.1036        27.512         
42.3037        27.595         
42.5038        27.6777        
42.7039        27.7602        
42.9041        27.8425        
43.1042        27.9246        
43.3043        28.0064        
43.5044        28.0881        
43.7046        28.1695        
43.9047        28.2507        
44.1048        28.3317        
44.3049        28.4124        
44.505         28.493         
44.7052        28.5734        
44.9053        28.6535        
45.1054        28.7334        
45.3055        28.8132        
45.5057        28.8927        
45.7058        28.9721        
45.9059        29.0512        
46.106         29.1301        
46.3061        29.2089        
46.5063        29.2874        
46.7064        29.3657        
46.9065        29.4439        
47.1066        29.5219        
47.3068        29.5996        
47.5069        29.6772        
47.707         29.7546        
47.9071        29.8318        
48.1072        29.9088        
48.3074        29.9856        
48.5075        30.0623        
48.7076        30.1388        
48.9077        30.215         
49.1079        30.2911        
49.308         30.3671        
49.5081        30.4428        
49.7082        30.5184        
49.9083        30.5938        
50.1085        30.669         
50.3086        30.7441        
50.5087        30.8189        
50.7088        30.8937        
50.909         30.9682        
51.1091        31.0426        
51.3092        31.1168        
51.5093        31.1908        
51.7094        31.2647        
51.9096        31.3384        
52.1097        31.4119        
52.3098        31.4853        
52.5099        31.5585        
52.7101        31.6315        
52.9102        31.7044        
53.1103        31.7772        
53.3104        31.8497        
53.5105        31.9222        
53.7107        31.9944        
53.9108        32.0665        
54.1109        32.1385        
54.311         32.2103        
54.5112        32.2819        
54.7113        32.3534        
54.9114        32.4248        
55.1115        32.496         
55.3116        32.567         
55.5118        32.6379        
55.7119        32.7086        
55.912         32.7792        
56.1121        32.8497        
56.3123        32.92          
56.5124        32.9902        
56.7125        33.0602        
56.9126        33.1301        
57.1127        33.1998        
57.3129        33.2694        
57.513         33.3389        
57.7131        33.4082        
57.9132        33.4774        
58.1134        33.5464        
58.3135        33.6154        
58.5136        33.6841        
58.7137        33.7528        
58.9138        33.8213        
59.114         33.8896        
59.3141        33.9579        
59.5142        34.026         
59.7143        34.0939        
59.9145        34.1618        
60.1146        34.2295        
60.3147        34.2971        
60.5148        34.3645        
60.7149        34.4318        
60.9151        34.499         
61.1152        34.5661        
61.3153        34.633         
61.5154        34.6998        
61.7156        34.7665        
61.9157        34.8331        
62.1158        34.8995        
62.3159        34.9658        
62.516         35.032         
62.7162        35.0981        
62.9163        35.1641        
63.1164        35.2299        
63.3165        35.2956        
63.5167        35.3612        
63.7168        35.4267        
63.9169        35.492         
64.117         35.5572        
64.3171        35.6224        
64.5173        35.6874        
64.7174        35.7522        
64.9175        35.817         
65.1176        35.8817        
65.3178        35.9462        
65.5179        36.0106        
65.718         36.0749        
65.9181        36.1391        
66.1182        36.2032        
66.3184        36.2672        
66.5185        36.3311        
66.7186        36.3948        
66.9187        36.4585        
67.1189        36.522         
67.319         36.5854        
67.5191        36.6487        
67.7192        36.7119        
67.9193        36.775         
68.1195        36.838         
68.3196        36.9009        
68.5197        36.9637        
68.7198        37.0264        
68.92          37.0889        
69.1201        37.1514        
69.3202        37.2138        
69.5203        37.276         
69.7204        37.3382        
69.9206        37.4002        
70.1207        37.4622        
70.3208        37.524         
70.5209        37.5858        
70.7211        37.6474        
70.9212        37.709         
71.1213        37.7704        
71.3214        37.8317        
71.5215        37.893         
71.7217        37.9541        
71.9218        38.0152        
72.1219        38.0761        
72.322         38.137         
72.5222        38.1977        
72.7223        38.2584        
72.9224        38.319         
73.1225        38.3794        
73.3226        38.4398        
73.5228        38.5001        
73.7229        38.5603        
73.923         38.6203        
74.1231        38.6803        
74.3233        38.7402        
74.5234        38.8           
74.7235        38.8598        
74.9236        38.9194        
75.1237        38.9789        
75.3239        39.0384        
75.524         39.0977        
75.7241        39.157         
75.9242        39.2161        
76.1244        39.2752        
76.3245        39.3342        
76.5246        39.3931        
76.7247        39.4519        
76.9248        39.5106        
77.125         39.5692        
77.3251        39.6278        
77.5252        39.6862        
77.7253        39.7446        
77.9255        39.8029        
78.1256        39.8611        
78.3257        39.9192        
78.5258        39.9772        
78.7259        40.0352        
78.9261        40.093         
79.1262        40.1508        
79.3263        40.2085        
79.5264        40.2661        
79.7266        40.3236        
79.9267        40.381         
80.1268        40.4384        
80.3269        40.4956        
80.527         40.5528        
80.7272        40.6099        
80.9273        40.6669        
81.1274        40.7239        
81.3275        40.7807        
81.5277        40.8375        
81.7278        40.8942        
81.9279        40.9508        
82.128         41.0073        
82.3281        41.0638        
82.5283        41.1202        
82.7284        41.1765        
82.9285        41.2327        
83.1286        41.2888        
83.3288        41.3449        
83.5289        41.4009        
83.729         41.4568        
83.9291        41.5126        
84.1292        41.5683        
84.3294        41.624         
84.5295        41.6796        
84.7296        41.7351        
84.9297        41.7905        
85.1299        41.8459        
85.33          41.9012        
85.5301        41.9564        
85.7302        42.0115        
85.9303        42.0666        
86.1305        42.1216        
86.3306        42.1765        
86.5307        42.2313        
86.7308        42.2861        
86.931         42.3408        
87.1311        42.3954        
87.3312        42.45          
87.5313        42.5044        
87.7314        42.5588        
87.9316        42.6132        
88.1317        42.6674        
88.3318        42.7216        
88.5319        42.7757        
88.7321        42.8297        
88.9322        42.8837        
89.1323        42.9376        
89.3324        42.9914        
89.5325        43.0452        
89.7327        43.0989        
89.9328        43.1525        
90.1329        43.206         
90.333         43.2595        
90.5332        43.3129        
90.7333        43.3662        
90.9334        43.4195        
91.1335        43.4727        
91.3336        43.5258        
91.5338        43.5789        
91.7339        43.6319        
91.934         43.6848        
92.1341        43.7377        
92.3343        43.7905        
92.5344        43.8432        
92.7345        43.8958        
92.9346        43.9484        
93.1347        44.0009        
93.3349        44.0534        
93.535         44.1058        
93.7351        44.1581        
93.9352        44.2104        
94.1354        44.2625        
94.3355        44.3147        
94.5356        44.3667        
94.7357        44.4187        
94.9358        44.4706        
95.136         44.5225        
95.3361        44.5743        
95.5362        44.626         
95.7363        44.6777        
95.9365        44.7293        
96.1366        44.7809        
96.3367        44.8323        
96.5368        44.8838        
96.7369        44.9351        
96.9371        44.9864        
97.1372        45.0376        
97.3373        45.0888        
97.5374        45.1399        
97.7376        45.1909        
97.9377        45.2419        
98.1378        45.2928        
98.3379        45.3437        
98.538         45.3945        
98.7382        45.4452        
98.9383        45.4958        
99.1384        45.5465        
99.3385        45.597         
99.5387        45.6475        
99.7388        45.6979        
99.9389        45.7483        
100.139        45.7986        
100.339        45.8488        
100.539        45.899         
100.739        45.9491        
100.94         45.9992        
101.14         46.0492        
101.34         46.0991        
101.54         46.149         
101.74         46.1988        
101.94         46.2486        
102.14         46.2983        
102.34         46.348         
102.54         46.3976        
102.741        46.4471        
102.941        46.4966        
103.141        46.546         
103.341        46.5953        
103.541        46.6446        
103.741        46.6939        
103.941        46.7431        
104.141        46.7922        
104.342        46.8413        
104.542        46.8903        
104.742        46.9392        
104.942        46.9881        
105.142        47.037         
105.342        47.0858        
105.542        47.1345        
105.742        47.1832        
105.943        47.2318        
106.143        47.2804        
106.343        47.3289        
106.543        47.3773        
106.743        47.4257        
106.943        47.4741        
107.143        47.5224        
107.343        47.5706        
107.544        47.6188        
107.744        47.6669        
107.944        47.715         
108.144        47.763         
108.344        47.8109        
108.544        47.8588        
108.744        47.9067        
108.944        47.9545        
109.145        48.0022        
109.345        48.0499        
109.545        48.0976        
109.745        48.1452        
109.945        48.1927        
110.145        48.2402        
110.345        48.2876        
110.545        48.335         
110.745        48.3823        
110.946        48.4296        
111.146        48.4768        
111.346        48.5239        
111.546        48.571         
111.746        48.6181        
111.946        48.6651        
112.146        48.7121        
112.346        48.759         
112.547        48.8058        
112.747        48.8526        
112.947        48.8994        
113.147        48.9461        
113.347        48.9927        
113.547        49.0393        
113.747        49.0859        
113.947        49.1324        
114.148        49.1788        
114.348        49.2252        
114.548        49.2715        
114.748        49.3178        
114.948        49.3641        
115.148        49.4103        
115.348        49.4564        
115.548        49.5025        
115.749        49.5486        
115.949        49.5946        
116.149        49.6405        
116.349        49.6864        
116.549        49.7323        
116.749        49.7781        
116.949        49.8238        
117.149        49.8695        
117.35         49.9152        
117.55         49.9608        
117.75         50.0063        
117.95         50.0519        
118.15         50.0973        
118.35         50.1427        
118.55         50.1881        
118.75         50.2334        
118.951        50.2787        
119.151        50.3239        
119.351        50.3691        
119.551        50.4142        
119.751        50.4593        
119.951        50.5044        
120.151        50.5493        
120.351        50.5943        
120.551        50.6392        
120.752        50.684         
120.952        50.7288        
121.152        50.7736        
121.352        50.8183        
121.552        50.863         
121.752        50.9076        
121.952        50.9522        
122.152        50.9967        
122.353        51.0412        
122.553        51.0856        
122.753        51.13          
122.953        51.1744        
123.153        51.2187        
123.353        51.2629        
123.553        51.3071        
123.753        51.3513        
123.954        51.3954        
124.154        51.4395        
124.354        51.4835        
124.554        51.5275        
124.754        51.5715        
124.954        51.6154        
125.154        51.6592        
125.354        51.7031        
125.555        51.7468        
125.755        51.7906        
125.955        51.8342        
126.155        51.8779        
126.355        51.9215        
126.555        51.965         
126.755        52.0086        
126.955        52.052         
127.156        52.0955        
127.356        52.1388        
127.556        52.1822        
127.756        52.2255        
127.956        52.2688        
128.156        52.312         
128.356        52.3551        
128.556        52.3983        
128.756        52.4414        
128.957        52.4844        
129.157        52.5274        
129.357        52.5704        
129.557        52.6133        
129.757        52.6562        
129.957        52.6991        
130.157        52.7419        
130.357        52.7846        
130.558        52.8274        
130.758        52.87          
130.958        52.9127        
131.158        52.9553        
131.358        52.9979        
131.558        53.0404        
131.758        53.0829        
131.958        53.1253        
132.159        53.1677        
132.359        53.2101        
132.559        53.2524        
132.759        53.2947        
132.959        53.337         
133.159        53.3792        
133.359        53.4213        
133.559        53.4635        
133.76         53.5056        
133.96         53.5476        
134.16         53.5896        
134.36         53.6316        
134.56         53.6736        
134.76         53.7155        
134.96         53.7573        
135.16         53.7992        
135.361        53.841         
135.561        53.8827        
135.761        53.9244        
135.961        53.9661        
136.161        54.0078        
136.361        54.0494        
136.561        54.0909        
136.761        54.1325        
136.962        54.174         
137.162        54.2154        
137.362        54.2569        
137.562        54.2983        
137.762        54.3396        
137.962        54.3809        
138.162        54.4222        
138.362        54.4635        
138.562        54.5047        
138.763        54.5459        
138.963        54.587         
139.163        54.6281        
139.363        54.6692        
139.563        54.7103        
139.763        54.7513        
139.963        54.7922        
140.163        54.8332        
140.364        54.8741        
140.564        54.915         
140.764        54.9558        
140.964        54.9966        
141.164        55.0374        
141.364        55.0781        
141.564        55.1188        
141.764        55.1595        
141.965        55.2001        
142.165        55.2407        
142.365        55.2813        
142.565        55.3219        
142.765        55.3624        
142.965        55.4029        
143.165        55.4433        
143.365        55.4837        
143.566        55.5241        
143.766        55.5645        
143.966        55.6048        
144.166        55.6451        
144.366        55.6853        
144.566        55.7256        
144.766        55.7658        
144.966        55.806         
145.167        55.8461        
145.367        55.8862        
145.567        55.9263        
145.767        55.9663        
145.967        56.0064        
146.167        56.0464        
146.367        56.0863        
146.567        56.1263        
146.767        56.1662        
146.968        56.2061        
147.168        56.2459        
147.368        56.2857        
147.568        56.3255        
147.768        56.3653        
147.968        56.405         
148.168        56.4447        
148.368        56.4844        
148.569        56.5241        
148.769        56.5637        
148.969        56.6033        
149.169        56.6429        
149.369        56.6824        
149.569        56.722         
149.769        56.7615        
149.969        56.8009        
150.17         56.8404        
150.37         56.8798        
150.57         56.9192        
150.77         56.9586        
150.97         56.9979        
151.17         57.0372        
151.37         57.0765        
151.57         57.1158        
151.771        57.155         
151.971        57.1942        
152.171        57.2334        
152.371        57.2726        
152.571        57.3118        
152.771        57.3509        
152.971        57.39          
153.171        57.4291        
153.372        57.4681        
153.572        57.5072        
153.772        57.5462        
153.972        57.5852        
154.172        57.6241        
154.372        57.6631        
154.572        57.702         
154.772        57.7409        
154.973        57.7798        
155.173        57.8187        
155.373        57.8575        
155.573        57.8963        
155.773        57.9351        
155.973        57.9739        
156.173        58.0127        
156.373        58.0514        
156.573        58.0901        
156.774        58.1288        
156.974        58.1675        
157.174        58.2062        
157.374        58.2448        
157.574        58.2834        
157.774        58.322         
157.974        58.3606        
158.174        58.3992        
158.375        58.4377        
158.575        58.4763        
158.775        58.5148        
158.975        58.5533        
159.175        58.5918        
159.375        58.6302        
159.575        58.6687        
159.775        58.7071        
159.976        58.7455        
160.176        58.7839        
160.376        58.8223        
160.576        58.8607        
160.776        58.899         
160.976        58.9374        
161.176        58.9757        
161.376        59.014         
161.577        59.0523        
161.777        59.0906        
161.977        59.1288        
162.177        59.1671        
162.377        59.2053        
162.577        59.2435        
162.777        59.2817        
162.977        59.3199        
163.178        59.3581        
163.378        59.3963        
163.578        59.4345        
163.778        59.4726        
163.978        59.5107        
164.178        59.5489        
164.378        59.587         
164.578        59.6251        
164.778        59.6632        
164.979        59.7012        
165.179        59.7393        
165.379        59.7774        
165.579        59.8154        
165.779        59.8534        
165.979        59.8915        
166.179        59.9295        
166.379        59.9675        
166.58         60.0055        
166.78         60.0435        
166.98         60.0815        
167.18         60.1194        
167.38         60.1574        
167.58         60.1954        
167.78         60.2333        
167.98         60.2713        
168.181        60.3092        
168.381        60.3471        
168.581        60.385         
168.781        60.423         
168.981        60.4609        
169.181        60.4988        
169.381        60.5367        
169.581        60.5745        
169.782        60.6124        
169.982        60.6503        
170.182        60.6882        
170.382        60.726         
170.582        60.7639        
170.782        60.8018        
170.982        60.8396        
171.182        60.8775        
171.383        60.9153        
171.583        60.9532        
171.783        60.991         
171.983        61.0288        
172.183        61.0667        
172.383        61.1045        
172.583        61.1423        
172.783        61.1801        
172.984        61.218         
173.184        61.2558        
173.384        61.2936        
173.584        61.3314        
173.784        61.3692        
173.984        61.407         
174.184        61.4448        
174.384        61.4826        
174.584        61.5205        
174.785        61.5583        
174.985        61.5961        
175.185        61.6339        
175.385        61.6717        
175.585        61.7095        
175.785        61.7473        
175.985        61.7851        
176.185        61.8229        
176.386        61.8607        
176.586        61.8985        
176.786        61.9363        
176.986        61.9741        
177.186        62.0119        
177.386        62.0498        
177.586        62.0876        
177.786        62.1254        
177.987        62.1632        
178.187        62.201         
178.387        62.2388        
178.587        62.2767        
178.787        62.3145        
178.987        62.3523        
179.187        62.3901        
179.387        62.428         
179.588        62.4658        
179.788        62.5036        
179.988        62.5415        
180.188        62.5793        
180.388        62.6171        
180.588        62.655         
180.788        62.6928        
180.988        62.7307        
181.189        62.7685        
181.389        62.8064        
181.589        62.8443        
181.789        62.8821        
181.989        62.92          
182.189        62.9578        
182.389        62.9957        
182.589        63.0336        
182.789        63.0715        
182.99         63.1093        
183.19         63.1472        
183.39         63.1851        
183.59         63.2229        
183.79         63.2608        
183.99         63.2987        
184.19         63.3366        
184.39         63.3745        
184.591        63.4124        
184.791        63.4503        
184.991        63.4882        
185.191        63.5261        
185.391        63.564         
185.591        63.6019        
185.791        63.6398        
185.991        63.6777        
186.192        63.7156        
186.392        63.7535        
186.592        63.7914        
186.792        63.8292        
186.992        63.8671        
187.192        63.9049        
187.392        63.9428        
187.592        63.9806        
187.793        64.0184        
187.993        64.0563        
188.193        64.0941        
188.393        64.1319        
188.593        64.1698        
188.793        64.2077        
188.993        64.2456        
189.193        64.2835        
189.394        64.3214        
189.594        64.3593        
189.794        64.3972        
189.994        64.435         
190.194        64.4728        
190.394        64.5106        
190.594        64.5483        
190.794        64.5859        
190.995        64.6235        
191.195        64.661         
191.395        64.6984        
191.595        64.7357        
191.795        64.773         
191.995        64.8102        
192.195        64.8474        
192.395        64.8845        
192.595        64.9216        
192.796        64.9588        
192.996        64.9962        
193.196        65.0336        
193.396        65.0712        
193.596        65.1089        
193.796        65.1467        
193.996        65.1846        
194.196        65.2224        
194.397        65.2602        
194.597        65.2979        
194.797        65.3355        
194.997        65.3728        
195.197        65.4098        
195.397        65.4465        
195.597        65.4827        
195.797        65.5184        
195.998        65.5533        
196.198        65.5875        
196.398        65.6209        
196.598        65.6536        
196.798        65.6857        
196.998        65.7172        
197.198        65.7485        
197.398        65.7796        
197.599        65.8107        
197.799        65.842         
197.999        65.8733        
198.199        65.9048        
198.399        65.9365        
198.599        65.9683        
198.799        66.0001        
198.999        66.0319        
199.2          66.0637        
199.4          66.0955        
199.6          66.1274        
199.8          66.1599        
200            66.2213        
